function [alphabet, targets] = mr_2()
% mr_1 Определения для нейронно-сетевого распознавания букв латинского алфавита
%
%	[ALHABET,TARGETS] = prprob()
%	Возвращает:
%	  ALPHABET - 35x9 матрицу, каждый элемент которой содержит 5 х 7 информационных
%		     элементов для каждой буквы.
%	  TARGETS  - 9x9 выходных векторов.

%А
letter1 = [0 0 1 0 0 ...
            0 1 0 1 0 ...
            0 1 0 1 0 ...
            1 0 0 0 1 ...
            1 1 1 1 1 ...
            1 0 0 0 1 ...
            1 0 0 0	1]';
%Е
letter2 = [1 1 1 1 1 ...
            1 0 0 0 0 ...
            1 0 0 0 0 ...
            1 1 1 1 0 ...
            1 0 0 0 0 ...
            1 0 0 0 0 ...
            1 1 1 1 1]';
%И
letter3 = [1 0 0 0 1 ...
            1 0 0 0 1 ...
            1 0 0 1 1 ...
            1 0 1 0 1 ...
            1 0 1 0 1 ...
            1 1 0 0 1 ...
            1 0 0 0 1]';
%О
letter4 = [0 1 1 1 0 ...
            1 0 0 0 1 ...
            1 0 0 0 1 ...
            1 0 0 0 1 ...
            1 0 0 0 1 ...
            1 0 0 0 1 ...
            0 1 1 1 0]';
%У
letter5 = [1 0 0 0 1 ...
            1 0 0 0 1 ...
            0 1 0 1 0 ...
            0 0 1 0 0 ...
            0 0 1 0 0 ...
            0 0 1 0 0 ...
            1 1 0 0 0]';
%Ы
letter6 = [1 0 0 0 1 ...
            1 0 0 0 1 ...
            1 0 0 0 1 ...
            1 1 0 0 1 ...
            1 0 1 0 1 ...
            1 0 1 0 1 ...
            1 1 0 0 1]';
%Э
letter7 = [1 1 1 1 0 ...
            0 0 0 0 1 ...
            0 0 0 0 1 ...
            0 1 1 1 1 ...
            0 0 0 0 1 ...
            0 0 0 0 1 ...
            1 1 1 1 0]';
%Ю
letter8 = [1 0 0 1 0 ...
            1 0 1 0 1 ...
            1 0 1 0 1 ...
            1 1 1 0 1 ...
            1 0 1 0 1 ...
            1 0 1 0 1 ...
            1 0 0 1 0]';
%Я
letter9 = [0 1 1 1 1 ...
        	1 0 0 0 1 ...
            1 0 0 0 1 ...
            0 1 1 1 1 ...
            0 0 1 0 1 ...
            0 1 0 0 1 ...
            1 0 0 0	1]';

alphabet = [letter1, letter2, letter3, letter4, letter5, letter6, letter7, letter8, letter9];

targets = eye(9);
